318      102929
356      100296
296       98409
2571      93808
593       90330
260       85010
2959      77332
480       75233
527       73849
4993      73122
1196      72151
110       69482
1         68997
589       68383
50        67750
1210      67496
5952      67463
7153      67449
1198      67408
858       66440
2858      65158
47        63298
1270      61879
58559     59334
2028      58368
608       58031
79132     57931
3578      57449
780       57224
457       57073
2762      57010
150       55940
32        55275
4306      54844
4226      53658
364       51518
1704      50824
588       50442
592       49789
6539      48722