318      4.404614
356      4.052744
296      4.196969
2571     4.156437
593      4.148367
260      4.099824
2959     4.228780
480      3.698623
527      4.236990
4993     4.092134
1196     4.130352
110      3.988630
1        3.897438
589      3.962045
50       4.265070
1210     3.991555
5952     4.072188
7153     4.094360
1198     4.111893
858      4.317030
2858     4.093051
47       4.087199
1270     3.969149
58559    4.173349
2028     4.048742
608      4.116533
79132    4.157170
3578     3.961183
780      3.381099
457      3.969942
2762     4.003210
150      3.878209
32       3.910185
4306     3.740491
4226     4.141601
364      3.833155
1704     4.091109
588      3.707317
592      3.409920
6539     3.780530